0.4577221642469937 0.3253964669591971 0.5592449852305904 0.42951302748462344 0.6470351067012254 0.548734587050851 0.3680136653302297 0.10854483244859514 0.689684401889383 0.7791745532728616 
0.2499979031366836 0.7622287788645656 0.5546368093717039 0.6291264621830361 0.1296604492420669 0.7676569819476651 0.08062700959122004 0.6658492302269595 0.6644531172479193 0.7163433431297651 
0.376282566059924 0.4947102902558074 0.68192198922547 0.04933440970707608 0.3408705529795019 0.49871734826553543 0.18202619110626117 0.18703256891348596 0.7927016856852456 0.3856164210216464 
0.3030349087149462 0.39447808985981364 0.596134463388787 0.40400581769557614 0.21577279831671428 0.49549385144390734 0.20702803825840058 0.725073186110099 0.6023907552883001 0.14675194646007003 
0.610398488412434 0.24671769863996104 0.5922449473829938 0.5054782364717363 0.5029398366653526 0.36197668453271653 0.5688735017160901 0.37216676171709157 0.5769770555826489 0.44383185275735226 
0.32846613648047196 0.06233237816531672 0.0913248034773062 0.3336264448312915 0.26162874426122623 0.758986277287261 0.7684315890865144 0.18048106736862346 0.5466507351186062 0.5201751193067413 
0.43609577610508526 0.764252233626974 0.18388953904315733 0.46358072336427336 0.5359455839868262 0.34473368481894967 0.06729261844391764 0.3228340373072996 0.44978173507075436 0.31495690183835556 
0.18048392754969225 0.7678523933991839 0.34878775799673917 0.29660377288490986 0.02124772528695225 0.6041665276804442 0.5495190166519428 0.6007000197656969 0.29964897886208036 0.21385868396458296 
0.364487828977076 0.186914791569685 0.42143592929262774 0.7733908698185012 0.7640682489949424 0.5899478420000155 0.6597765963717221 0.28125725931793116 0.42035054218899026 0.7416418338189564 
0.634787031328081 0.2510518765136312 0.6824813736009177 0.6026140493705205 0.7617159105936697 0.6731985515620508 0.13693217956621845 0.6273572703308326 0.6950557201051526 0.3212464111367262 
